{
  "cv_scores": [
    0.7007874015748031,
    0.6838582677165355,
    0.7066929133858267,
    0.6921259842519685,
    0.7
  ],
  "oob_score": 0.6925984251968504,
  "val_accuracy": 0.6964187327823691,
  "test_accuracy": 0.7021217966381923,
  "classification_report": "              precision    recall  f1-score   support\n\n     neutral     0.7293    0.7354    0.7323       718\n       happy     0.6751    0.6540    0.6644       737\n         sad     0.7291    0.7815    0.7544       737\n       angry     0.6524    0.7056    0.6780       737\n    surprise     0.7318    0.6314    0.6779       700\n\n    accuracy                         0.7021      3629\n   macro avg     0.7035    0.7016    0.7014      3629\nweighted avg     0.7031    0.7021    0.7015      3629\n",
  "confusion_matrix": [
    [
      528,
      31,
      100,
      41,
      18
    ],
    [
      40,
      482,
      49,
      95,
      71
    ],
    [
      83,
      34,
      576,
      34,
      10
    ],
    [
      42,
      74,
      38,
      520,
      63
    ],
    [
      31,
      93,
      27,
      107,
      442
    ]
  ],
  "predictions": [
    1,
    2,
    2,
    4,
    3,
    3,
    0,
    1,
    4,
    3,
    3,
    1,
    0,
    3,
    3,
    4,
    2,
    0,
    3,
    3,
    0,
    1,
    4,
    3,
    4,
    3,
    2,
    4,
    1,
    4,
    2,
    0,
    3,
    4,
    2,
    1,
    1,
    3,
    2,
    3,
    4,
    2,
    0,
    1,
    0,
    0,
    4,
    4,
    3,
    0,
    4,
    0,
    1,
    0,
    1,
    4,
    1,
    3,
    2,
    2,
    1,
    3,
    1,
    3,
    1,
    2,
    0,
    4,
    2,
    0,
    1,
    3,
    1,
    0,
    1,
    0,
    1,
    2,
    0,
    0,
    0,
    3,
    1,
    1,
    0,
    3,
    2,
    3,
    2,
    2,
    1,
    4,
    3,
    4,
    1,
    1,
    1,
    4,
    2,
    4,
    1,
    1,
    3,
    2,
    3,
    0,
    2,
    2,
    3,
    3,
    1,
    2,
    1,
    2,
    0,
    3,
    3,
    4,
    4,
    2,
    0,
    3,
    0,
    3,
    3,
    2,
    3,
    0,
    3,
    1,
    3,
    2,
    1,
    4,
    4,
    3,
    3,
    2,
    3,
    1,
    0,
    2,
    0,
    2,
    4,
    0,
    2,
    0,
    2,
    1,
    1,
    2,
    2,
    0,
    0,
    3,
    4,
    1,
    1,
    4,
    4,
    0,
    3,
    4,
    0,
    2,
    2,
    2,
    1,
    0,
    3,
    4,
    0,
    2,
    2,
    0,
    3,
    1,
    1,
    2,
    4,
    2,
    0,
    2,
    2,
    1,
    0,
    1,
    1,
    1,
    1,
    3,
    2,
    0,
    3,
    1,
    2,
    3,
    2,
    2,
    0,
    1,
    1,
    0,
    1,
    2,
    3,
    3,
    1,
    2,
    2,
    3,
    2,
    3,
    3,
    1,
    1,
    0,
    2,
    3,
    3,
    3,
    2,
    3,
    3,
    3,
    0,
    3,
    2,
    0,
    0,
    1,
    0,
    2,
    3,
    2,
    3,
    3,
    0,
    2,
    3,
    2,
    4,
    1,
    3,
    0,
    0,
    3,
    1,
    4,
    2,
    2,
    0,
    1,
    4,
    0,
    1,
    1,
    4,
    4,
    1,
    3,
    4,
    4,
    2,
    3,
    3,
    4,
    3,
    3,
    4,
    2,
    1,
    0,
    0,
    1,
    0,
    1,
    0,
    0,
    3,
    1,
    2,
    4,
    4,
    3,
    2,
    2,
    2,
    2,
    2,
    2,
    0,
    0,
    3,
    2,
    2,
    3,
    4,
    4,
    3,
    2,
    4,
    0,
    3,
    4,
    0,
    4,
    1,
    4,
    3,
    3,
    1,
    0,
    1,
    2,
    0,
    4,
    1,
    4,
    3,
    2,
    3,
    1,
    0,
    2,
    4,
    3,
    2,
    2,
    2,
    0,
    0,
    3,
    1,
    3,
    2,
    4,
    0,
    3,
    2,
    4,
    3,
    0,
    2,
    1,
    2,
    4,
    2,
    4,
    0,
    2,
    0,
    2,
    2,
    3,
    4,
    0,
    3,
    4,
    4,
    2,
    0,
    2,
    1,
    2,
    0,
    3,
    0,
    2,
    0,
    1,
    0,
    1,
    2,
    0,
    2,
    1,
    2,
    1,
    2,
    4,
    4,
    2,
    3,
    2,
    2,
    2,
    3,
    2,
    0,
    1,
    2,
    1,
    1,
    4,
    3,
    3,
    2,
    1,
    1,
    2,
    2,
    3,
    4,
    3,
    3,
    2,
    1,
    3,
    1,
    4,
    1,
    0,
    3,
    0,
    3,
    0,
    0,
    3,
    0,
    2,
    2,
    3,
    0,
    3,
    3,
    1,
    1,
    2,
    4,
    0,
    2,
    2,
    3,
    2,
    4,
    4,
    0,
    0,
    4,
    3,
    2,
    4,
    4,
    3,
    1,
    1,
    0,
    4,
    2,
    0,
    2,
    3,
    0,
    4,
    2,
    3,
    3,
    3,
    2,
    2,
    4,
    1,
    3,
    3,
    3,
    3,
    3,
    3,
    1,
    1,
    0,
    3,
    0,
    3,
    3,
    2,
    0,
    2,
    4,
    1,
    4,
    3,
    3,
    1,
    3,
    0,
    2,
    4,
    0,
    4,
    4,
    1,
    3,
    2,
    2,
    0,
    4,
    1,
    1,
    1,
    1,
    3,
    4,
    2,
    2,
    4,
    1,
    0,
    0,
    3,
    3,
    0,
    2,
    3,
    1,
    3,
    1,
    3,
    4,
    2,
    4,
    0,
    3,
    3,
    1,
    1,
    1,
    0,
    1,
    0,
    1,
    2,
    0,
    2,
    2,
    0,
    1,
    1,
    4,
    4,
    0,
    1,
    3,
    0,
    0,
    4,
    1,
    4,
    2,
    0,
    3,
    2,
    1,
    3,
    0,
    3,
    0,
    4,
    3,
    2,
    1,
    4,
    0,
    2,
    2,
    2,
    2,
    1,
    2,
    3,
    2,
    1,
    1,
    1,
    4,
    1,
    4,
    2,
    3,
    1,
    1,
    2,
    2,
    4,
    1,
    4,
    3,
    0,
    1,
    2,
    4,
    3,
    4,
    0,
    3,
    2,
    4,
    2,
    4,
    1,
    3,
    3,
    2,
    3,
    2,
    3,
    3,
    3,
    3,
    4,
    4,
    3,
    0,
    1,
    0,
    1,
    3,
    3,
    2,
    1,
    2,
    1,
    1,
    3,
    1,
    0,
    1,
    4,
    2,
    3,
    2,
    0,
    1,
    3,
    1,
    1,
    0,
    4,
    4,
    1,
    1,
    4,
    3,
    4,
    4,
    0,
    2,
    2,
    1,
    4,
    3,
    2,
    0,
    0,
    2,
    2,
    0,
    2,
    1,
    2,
    1,
    1,
    0,
    0,
    2,
    1,
    2,
    1,
    2,
    1,
    1,
    4,
    0,
    4,
    2,
    4,
    0,
    2,
    4,
    2,
    2,
    4,
    0,
    0,
    3,
    1,
    1,
    2,
    1,
    3,
    1,
    4,
    0,
    3,
    0,
    4,
    3,
    3,
    2,
    3,
    0,
    2,
    4,
    1,
    0,
    2,
    3,
    1,
    4,
    1,
    0,
    0,
    3,
    0,
    1,
    4,
    3,
    2,
    1,
    2,
    0,
    4,
    2,
    4,
    1,
    1,
    0,
    3,
    2,
    1,
    2,
    0,
    1,
    1,
    1,
    3,
    4,
    2,
    1,
    1,
    1,
    3,
    3,
    0,
    2,
    0,
    4,
    1,
    1,
    1,
    1,
    4,
    4,
    4,
    2,
    2,
    4,
    2,
    0,
    4,
    1,
    2,
    3,
    2,
    0,
    4,
    1,
    4,
    4,
    2,
    2,
    3,
    2,
    4,
    0,
    0,
    0,
    3,
    0,
    0,
    3,
    0,
    0,
    2,
    1,
    2,
    2,
    1,
    3,
    0,
    3,
    1,
    4,
    1,
    0,
    2,
    2,
    3,
    3,
    4,
    2,
    1,
    2,
    2,
    3,
    2,
    1,
    1,
    0,
    3,
    4,
    0,
    0,
    2,
    2,
    3,
    3,
    2,
    0,
    0,
    2,
    4,
    3,
    2,
    4,
    3,
    0,
    3,
    0,
    3,
    1,
    1,
    2,
    4,
    0,
    4,
    2,
    3,
    2,
    3,
    1,
    3,
    3,
    4,
    2,
    3,
    3,
    1,
    2,
    0,
    3,
    1,
    4,
    3,
    0,
    3,
    3,
    1,
    2,
    1,
    0,
    2,
    1,
    4,
    2,
    4,
    3,
    1,
    1,
    4,
    3,
    4,
    4,
    3,
    3,
    3,
    0,
    3,
    1,
    1,
    0,
    2,
    1,
    3,
    0,
    2,
    1,
    4,
    0,
    1,
    2,
    3,
    2,
    3,
    0,
    3,
    1,
    2,
    3,
    2,
    0,
    1,
    2,
    0,
    0,
    3,
    0,
    1,
    2,
    2,
    2,
    1,
    2,
    1,
    2,
    2,
    2,
    3,
    2,
    0,
    2,
    2,
    3,
    3,
    1,
    2,
    0,
    4,
    2,
    3,
    1,
    4,
    4,
    3,
    4,
    2,
    0,
    0,
    3,
    3,
    0,
    0,
    4,
    3,
    1,
    1,
    3,
    3,
    3,
    0,
    0,
    3,
    1,
    1,
    1,
    0,
    4,
    3,
    0,
    1,
    1,
    0,
    4,
    2,
    3,
    3,
    2,
    1,
    2,
    2,
    4,
    4,
    2,
    3,
    2,
    0,
    3,
    1,
    4,
    4,
    2,
    0,
    2,
    1,
    3,
    1,
    3,
    1,
    3,
    3,
    2,
    4,
    1,
    3,
    1,
    3,
    3,
    3,
    3,
    2,
    0,
    1,
    0,
    4,
    1,
    4,
    2,
    3,
    1,
    2,
    1,
    4,
    0,
    2,
    0,
    0,
    2,
    2,
    0,
    0,
    3,
    2,
    2,
    3,
    0,
    3,
    2,
    2,
    0,
    4,
    4,
    3,
    3,
    4,
    1,
    2,
    2,
    3,
    2,
    0,
    2,
    1,
    3,
    3,
    1,
    3,
    4,
    3,
    0,
    2,
    0,
    3,
    1,
    2,
    0,
    3,
    3,
    3,
    1,
    3,
    0,
    0,
    4,
    3,
    2,
    4,
    4,
    0,
    1,
    0,
    0,
    3,
    3,
    2,
    3,
    0,
    1,
    1,
    1,
    1,
    0,
    0,
    0,
    3,
    2,
    3,
    4,
    1,
    2,
    2,
    3,
    4,
    3,
    1,
    3,
    0,
    1,
    2,
    0,
    4,
    2,
    3,
    3,
    2,
    3,
    2,
    1,
    0,
    3,
    0,
    4,
    2,
    3,
    3,
    3,
    4,
    3,
    1,
    4,
    2,
    3,
    4,
    2,
    3,
    0,
    3,
    2,
    4,
    2,
    1,
    3,
    1,
    1,
    2,
    3,
    3,
    0,
    1,
    2,
    0,
    3,
    4,
    1,
    1,
    3,
    3,
    1,
    1,
    1,
    1,
    0,
    0,
    0,
    2,
    2,
    1,
    1,
    2,
    1,
    4,
    3,
    2,
    2,
    1,
    3,
    2,
    3,
    0,
    1,
    1,
    3,
    3,
    1,
    1,
    3,
    2,
    0,
    2,
    3,
    0,
    0,
    2,
    1,
    2,
    2,
    4,
    1,
    0,
    0,
    0,
    2,
    3,
    2,
    0,
    4,
    3,
    1,
    2,
    2,
    4,
    0,
    1,
    3,
    3,
    4,
    0,
    2,
    3,
    3,
    2,
    3,
    4,
    3,
    2,
    0,
    0,
    3,
    0,
    3,
    4,
    4,
    2,
    1,
    3,
    4,
    0,
    1,
    1,
    1,
    0,
    4,
    2,
    1,
    4,
    3,
    1,
    4,
    4,
    3,
    3,
    3,
    1,
    1,
    4,
    0,
    0,
    3,
    2,
    4,
    0,
    2,
    1,
    1,
    2,
    0,
    4,
    1,
    4,
    1,
    1,
    1,
    3,
    1,
    4,
    1,
    0,
    4,
    2,
    4,
    2,
    4,
    1,
    3,
    0,
    3,
    1,
    0,
    2,
    2,
    0,
    0,
    0,
    0,
    3,
    3,
    2,
    2,
    2,
    0,
    1,
    3,
    1,
    0,
    3,
    0,
    2,
    0,
    0,
    4,
    4,
    0,
    1,
    0,
    2,
    2,
    3,
    2,
    1,
    3,
    3,
    2,
    1,
    3,
    4,
    3,
    3,
    2,
    3,
    1,
    3,
    3,
    1,
    0,
    4,
    2,
    4,
    2,
    2,
    0,
    3,
    1,
    0,
    1,
    1,
    1,
    0,
    2,
    3,
    2,
    1,
    4,
    4,
    4,
    1,
    2,
    1,
    1,
    4,
    2,
    1,
    2,
    1,
    2,
    2,
    4,
    3,
    2,
    0,
    0,
    4,
    1,
    3,
    4,
    0,
    4,
    2,
    2,
    3,
    3,
    3,
    4,
    1,
    3,
    4,
    0,
    2,
    0,
    4,
    3,
    2,
    1,
    0,
    2,
    0,
    4,
    1,
    1,
    0,
    4,
    2,
    2,
    2,
    2,
    2,
    3,
    2,
    0,
    0,
    1,
    3,
    2,
    1,
    0,
    3,
    2,
    1,
    4,
    0,
    3,
    3,
    1,
    1,
    4,
    1,
    2,
    0,
    2,
    3,
    4,
    4,
    2,
    2,
    1,
    1,
    4,
    4,
    1,
    3,
    4,
    2,
    3,
    0,
    0,
    1,
    4,
    2,
    4,
    1,
    3,
    1,
    0,
    0,
    3,
    0,
    3,
    2,
    1,
    2,
    0,
    3,
    2,
    4,
    2,
    1,
    1,
    1,
    1,
    1,
    1,
    4,
    2,
    3,
    0,
    1,
    1,
    3,
    2,
    2,
    1,
    3,
    3,
    3,
    4,
    4,
    4,
    2,
    3,
    1,
    3,
    1,
    3,
    0,
    0,
    2,
    3,
    3,
    0,
    0,
    0,
    0,
    3,
    0,
    2,
    3,
    4,
    0,
    1,
    1,
    3,
    1,
    2,
    3,
    4,
    4,
    2,
    4,
    1,
    0,
    1,
    1,
    0,
    3,
    0,
    1,
    2,
    3,
    3,
    1,
    2,
    3,
    3,
    2,
    2,
    0,
    2,
    2,
    3,
    4,
    2,
    3,
    3,
    1,
    3,
    2,
    1,
    3,
    4,
    4,
    3,
    0,
    3,
    3,
    2,
    3,
    4,
    0,
    0,
    0,
    1,
    2,
    0,
    4,
    4,
    2,
    0,
    4,
    3,
    4,
    0,
    1,
    0,
    3,
    3,
    2,
    3,
    0,
    4,
    1,
    0,
    2,
    1,
    2,
    0,
    1,
    0,
    1,
    0,
    0,
    2,
    4,
    3,
    1,
    3,
    3,
    3,
    4,
    0,
    2,
    3,
    4,
    2,
    0,
    0,
    2,
    3,
    1,
    0,
    0,
    2,
    2,
    2,
    2,
    1,
    0,
    3,
    4,
    0,
    2,
    2,
    2,
    2,
    1,
    0,
    3,
    2,
    4,
    0,
    2,
    0,
    3,
    2,
    3,
    1,
    1,
    1,
    3,
    4,
    3,
    0,
    4,
    3,
    0,
    2,
    2,
    4,
    3,
    1,
    1,
    0,
    0,
    0,
    4,
    2,
    2,
    0,
    1,
    3,
    0,
    2,
    3,
    3,
    3,
    4,
    4,
    4,
    3,
    2,
    0,
    3,
    0,
    2,
    4,
    2,
    0,
    3,
    4,
    3,
    0,
    3,
    1,
    0,
    4,
    1,
    2,
    2,
    4,
    2,
    3,
    1,
    2,
    3,
    4,
    0,
    0,
    2,
    0,
    4,
    2,
    3,
    0,
    3,
    4,
    3,
    3,
    3,
    1,
    0,
    0,
    4,
    4,
    2,
    4,
    1,
    2,
    4,
    1,
    1,
    3,
    2,
    4,
    4,
    1,
    0,
    1,
    1,
    0,
    0,
    3,
    2,
    1,
    4,
    1,
    2,
    3,
    2,
    1,
    2,
    4,
    3,
    3,
    4,
    3,
    2,
    4,
    4,
    0,
    1,
    2,
    3,
    1,
    1,
    3,
    3,
    1,
    0,
    3,
    3,
    2,
    4,
    4,
    0,
    3,
    1,
    4,
    3,
    0,
    4,
    1,
    0,
    2,
    2,
    0,
    2,
    3,
    0,
    3,
    2,
    0,
    3,
    1,
    4,
    2,
    0,
    0,
    3,
    1,
    3,
    3,
    1,
    0,
    2,
    4,
    2,
    2,
    1,
    4,
    3,
    3,
    4,
    0,
    2,
    3,
    0,
    3,
    2,
    3,
    4,
    4,
    4,
    2,
    3,
    3,
    2,
    4,
    0,
    3,
    1,
    0,
    0,
    3,
    2,
    0,
    1,
    1,
    2,
    4,
    4,
    4,
    3,
    2,
    2,
    4,
    0,
    0,
    0,
    4,
    3,
    4,
    4,
    4,
    3,
    1,
    3,
    2,
    2,
    0,
    3,
    4,
    0,
    1,
    0,
    2,
    3,
    1,
    4,
    1,
    3,
    0,
    0,
    4,
    2,
    4,
    1,
    1,
    1,
    0,
    4,
    2,
    2,
    2,
    1,
    2,
    0,
    3,
    2,
    1,
    0,
    1,
    1,
    2,
    4,
    3,
    4,
    1,
    3,
    1,
    4,
    1,
    3,
    4,
    3,
    3,
    2,
    2,
    1,
    3,
    2,
    3,
    4,
    2,
    0,
    4,
    2,
    1,
    2,
    2,
    4,
    2,
    2,
    0,
    1,
    2,
    0,
    1,
    4,
    3,
    3,
    0,
    2,
    3,
    3,
    0,
    3,
    0,
    2,
    3,
    2,
    3,
    3,
    0,
    4,
    1,
    0,
    0,
    3,
    4,
    3,
    0,
    3,
    4,
    3,
    0,
    2,
    3,
    3,
    3,
    3,
    0,
    4,
    0,
    3,
    1,
    0,
    0,
    3,
    1,
    3,
    0,
    4,
    1,
    4,
    0,
    1,
    2,
    4,
    3,
    1,
    3,
    0,
    3,
    1,
    3,
    4,
    2,
    3,
    3,
    1,
    4,
    2,
    2,
    2,
    0,
    3,
    1,
    0,
    3,
    4,
    3,
    1,
    4,
    1,
    3,
    4,
    3,
    4,
    4,
    2,
    0,
    3,
    0,
    3,
    3,
    4,
    1,
    0,
    4,
    4,
    0,
    0,
    1,
    1,
    1,
    4,
    4,
    1,
    0,
    1,
    3,
    0,
    4,
    4,
    4,
    1,
    3,
    2,
    3,
    2,
    4,
    3,
    2,
    4,
    0,
    1,
    3,
    3,
    3,
    3,
    1,
    0,
    0,
    1,
    2,
    4,
    3,
    4,
    4,
    0,
    2,
    0,
    0,
    2,
    4,
    4,
    2,
    2,
    2,
    2,
    3,
    0,
    4,
    0,
    3,
    1,
    0,
    1,
    4,
    1,
    1,
    2,
    0,
    0,
    1,
    2,
    4,
    1,
    1,
    3,
    0,
    2,
    1,
    2,
    2,
    1,
    2,
    0,
    2,
    4,
    1,
    1,
    0,
    3,
    1,
    3,
    2,
    4,
    3,
    4,
    1,
    0,
    2,
    4,
    0,
    1,
    3,
    4,
    2,
    1,
    0,
    2,
    3,
    0,
    1,
    4,
    0,
    1,
    1,
    3,
    2,
    3,
    2,
    2,
    3,
    2,
    3,
    4,
    4,
    0,
    1,
    4,
    1,
    1,
    2,
    1,
    4,
    1,
    3,
    2,
    1,
    1,
    4,
    4,
    0,
    2,
    4,
    3,
    4,
    0,
    3,
    2,
    0,
    0,
    0,
    0,
    2,
    1,
    3,
    1,
    1,
    3,
    4,
    3,
    3,
    2,
    4,
    3,
    2,
    2,
    3,
    2,
    2,
    3,
    0,
    4,
    1,
    3,
    4,
    3,
    4,
    0,
    2,
    1,
    0,
    3,
    2,
    1,
    4,
    2,
    2,
    4,
    0,
    0,
    0,
    2,
    1,
    3,
    1,
    3,
    1,
    0,
    3,
    3,
    1,
    4,
    3,
    1,
    2,
    3,
    3,
    4,
    1,
    2,
    2,
    4,
    2,
    0,
    3,
    0,
    4,
    2,
    0,
    3,
    3,
    3,
    1,
    2,
    1,
    2,
    4,
    4,
    2,
    1,
    0,
    4,
    3,
    2,
    3,
    4,
    2,
    1,
    2,
    0,
    3,
    2,
    0,
    0,
    4,
    0,
    0,
    0,
    0,
    0,
    2,
    1,
    3,
    3,
    2,
    2,
    0,
    3,
    0,
    0,
    2,
    2,
    2,
    1,
    3,
    2,
    0,
    4,
    3,
    0,
    0,
    2,
    1,
    4,
    1,
    0,
    3,
    3,
    1,
    4,
    0,
    2,
    3,
    1,
    1,
    0,
    3,
    0,
    4,
    3,
    3,
    1,
    3,
    1,
    4,
    1,
    3,
    0,
    4,
    3,
    4,
    3,
    3,
    3,
    3,
    2,
    2,
    3,
    4,
    2,
    0,
    0,
    4,
    0,
    1,
    0,
    1,
    0,
    3,
    2,
    0,
    3,
    3,
    0,
    1,
    1,
    3,
    4,
    4,
    2,
    2,
    3,
    0,
    1,
    4,
    2,
    0,
    2,
    4,
    0,
    3,
    0,
    2,
    3,
    0,
    2,
    1,
    2,
    1,
    2,
    2,
    2,
    0,
    2,
    3,
    1,
    3,
    2,
    1,
    0,
    2,
    1,
    4,
    4,
    4,
    4,
    4,
    0,
    3,
    3,
    3,
    2,
    0,
    3,
    4,
    0,
    1,
    2,
    2,
    2,
    4,
    1,
    3,
    3,
    1,
    3,
    2,
    0,
    1,
    2,
    1,
    1,
    1,
    2,
    1,
    2,
    0,
    3,
    2,
    0,
    0,
    1,
    2,
    0,
    0,
    3,
    2,
    0,
    4,
    4,
    2,
    1,
    1,
    0,
    2,
    0,
    3,
    2,
    0,
    3,
    2,
    0,
    4,
    1,
    0,
    1,
    1,
    0,
    1,
    0,
    2,
    1,
    1,
    2,
    0,
    3,
    1,
    4,
    1,
    2,
    2,
    4,
    4,
    0,
    3,
    4,
    0,
    4,
    3,
    0,
    0,
    1,
    0,
    2,
    2,
    3,
    1,
    2,
    2,
    2,
    4,
    2,
    2,
    4,
    3,
    2,
    3,
    2,
    3,
    3,
    4,
    2,
    2,
    0,
    4,
    4,
    2,
    4,
    1,
    3,
    0,
    0,
    2,
    2,
    3,
    1,
    4,
    2,
    2,
    4,
    2,
    1,
    2,
    1,
    4,
    0,
    3,
    4,
    1,
    2,
    0,
    3,
    3,
    2,
    1,
    2,
    0,
    1,
    4,
    2,
    1,
    0,
    1,
    1,
    2,
    1,
    0,
    0,
    3,
    4,
    2,
    4,
    4,
    3,
    4,
    2,
    4,
    3,
    0,
    3,
    2,
    3,
    0,
    0,
    3,
    4,
    0,
    2,
    2,
    3,
    4,
    2,
    3,
    2,
    1,
    0,
    0,
    1,
    4,
    3,
    3,
    3,
    0,
    3,
    3,
    4,
    0,
    2,
    0,
    4,
    2,
    3,
    4,
    3,
    3,
    4,
    1,
    3,
    4,
    3,
    0,
    3,
    3,
    1,
    0,
    4,
    1,
    1,
    3,
    4,
    3,
    1,
    0,
    4,
    3,
    1,
    2,
    2,
    1,
    2,
    2,
    2,
    1,
    0,
    4,
    0,
    4,
    1,
    1,
    0,
    0,
    4,
    1,
    1,
    2,
    3,
    1,
    1,
    0,
    3,
    0,
    1,
    0,
    2,
    3,
    2,
    2,
    3,
    0,
    0,
    1,
    4,
    4,
    1,
    2,
    4,
    3,
    3,
    1,
    3,
    0,
    3,
    3,
    0,
    0,
    1,
    0,
    0,
    2,
    1,
    3,
    4,
    4,
    1,
    0,
    4,
    1,
    3,
    4,
    0,
    2,
    4,
    3,
    2,
    0,
    4,
    0,
    4,
    0,
    1,
    1,
    4,
    3,
    4,
    3,
    0,
    4,
    0,
    3,
    0,
    0,
    3,
    4,
    2,
    3,
    1,
    0,
    1,
    1,
    1,
    0,
    1,
    4,
    1,
    0,
    2,
    2,
    0,
    2,
    1,
    0,
    1,
    3,
    4,
    0,
    3,
    0,
    4,
    1,
    1,
    2,
    2,
    2,
    2,
    0,
    0,
    4,
    2,
    1,
    3,
    3,
    2,
    4,
    1,
    2,
    3,
    2,
    1,
    1,
    4,
    4,
    3,
    0,
    2,
    2,
    2,
    3,
    4,
    2,
    1,
    4,
    1,
    2,
    0,
    0,
    1,
    2,
    0,
    0,
    3,
    0,
    3,
    3,
    3,
    4,
    1,
    2,
    2,
    2,
    3,
    2,
    1,
    2,
    2,
    1,
    3,
    1,
    3,
    2,
    1,
    2,
    2,
    4,
    3,
    4,
    3,
    2,
    2,
    3,
    2,
    0,
    3,
    4,
    3,
    1,
    4,
    2,
    1,
    4,
    4,
    2,
    2,
    3,
    0,
    1,
    3,
    1,
    2,
    0,
    4,
    3,
    3,
    2,
    2,
    1,
    0,
    0,
    1,
    2,
    2,
    4,
    3,
    0,
    1,
    1,
    0,
    3,
    1,
    0,
    0,
    0,
    3,
    1,
    4,
    4,
    0,
    0,
    3,
    4,
    3,
    3,
    2,
    0,
    1,
    3,
    1,
    3,
    2,
    4,
    2,
    3,
    0,
    4,
    3,
    1,
    0,
    0,
    1,
    1,
    4,
    2,
    3,
    3,
    2,
    1,
    0,
    2,
    0,
    3,
    3,
    4,
    4,
    0,
    2,
    3,
    2,
    3,
    1,
    4,
    2,
    0,
    2,
    2,
    2,
    2,
    3,
    2,
    1,
    0,
    4,
    3,
    0,
    0,
    3,
    2,
    3,
    4,
    1,
    0,
    0,
    3,
    1,
    3,
    1,
    4,
    2,
    0,
    3,
    3,
    0,
    2,
    4,
    1,
    2,
    3,
    1,
    2,
    3,
    1,
    2,
    2,
    2,
    2,
    2,
    4,
    4,
    4,
    0,
    1,
    3,
    1,
    4,
    0,
    1,
    3,
    0,
    4,
    2,
    4,
    3,
    1,
    2,
    0,
    1,
    2,
    1,
    3,
    1,
    0,
    2,
    1,
    4,
    3,
    0,
    0,
    0,
    1,
    1,
    4,
    2,
    0,
    1,
    0,
    4,
    2,
    2,
    0,
    2,
    3,
    2,
    0,
    1,
    1,
    0,
    2,
    2,
    4,
    0,
    0,
    2,
    4,
    4,
    3,
    0,
    3,
    3,
    1,
    0,
    4,
    1,
    4,
    0,
    4,
    4,
    4,
    0,
    4,
    1,
    1,
    0,
    1,
    3,
    3,
    1,
    0,
    1,
    1,
    3,
    0,
    1,
    0,
    1,
    4,
    0,
    1,
    1,
    0,
    3,
    4,
    3,
    3,
    2,
    0,
    3,
    4,
    0,
    0,
    0,
    0,
    2,
    4,
    4,
    4,
    3,
    2,
    3,
    1,
    2,
    2,
    1,
    4,
    0,
    0,
    2,
    4,
    3,
    4,
    4,
    0,
    0,
    1,
    1,
    1,
    2,
    3,
    0,
    1,
    3,
    4,
    4,
    0,
    0,
    0,
    4,
    4,
    2,
    2,
    0,
    1,
    0,
    0,
    3,
    4,
    0,
    4,
    2,
    2,
    3,
    3,
    2,
    0,
    3,
    3,
    1,
    2,
    2,
    4,
    4,
    1,
    1,
    0,
    2,
    4,
    2,
    0,
    0,
    2,
    0,
    4,
    3,
    1,
    0,
    1,
    2,
    2,
    3,
    0,
    4,
    4,
    2,
    1,
    3,
    4,
    3,
    0,
    2,
    3,
    1,
    4,
    3,
    0,
    4,
    2,
    3,
    2,
    0,
    4,
    3,
    0,
    2,
    1,
    4,
    3,
    0,
    2,
    0,
    4,
    4,
    3,
    4,
    4,
    1,
    0,
    0,
    0,
    2,
    1,
    0,
    0,
    3,
    3,
    3,
    2,
    4,
    3,
    0,
    4,
    4,
    2,
    1,
    3,
    3,
    1,
    0,
    1,
    2,
    4,
    2,
    2,
    2,
    1,
    3,
    0,
    2,
    3,
    1,
    3,
    0,
    4,
    2,
    4,
    1,
    4,
    2,
    4,
    3,
    2,
    0,
    0,
    3,
    1,
    1,
    3,
    4,
    3,
    1,
    0,
    2,
    4,
    2,
    1,
    4,
    0,
    4,
    0,
    4,
    0,
    4,
    4,
    0,
    2,
    1,
    4,
    1,
    0,
    3,
    2,
    3,
    4,
    4,
    2,
    4,
    2,
    0,
    4,
    1,
    3,
    1,
    1,
    1,
    3,
    0,
    3,
    0,
    1,
    0,
    1,
    0,
    4,
    2,
    2,
    4,
    3,
    0,
    0,
    1,
    0,
    3,
    1,
    4,
    2,
    0,
    4,
    1,
    1,
    0,
    2,
    3,
    4,
    4,
    1,
    2,
    0,
    2,
    2,
    4,
    3,
    2,
    1,
    2,
    3,
    1,
    3,
    3,
    4,
    1,
    2,
    3,
    2,
    1,
    3,
    1,
    3,
    4,
    2,
    2,
    4,
    0,
    4,
    1,
    3,
    2,
    4,
    1,
    1,
    3,
    3,
    2,
    4,
    3,
    3,
    0,
    1,
    2,
    4,
    2,
    3,
    3,
    2,
    0,
    1,
    3,
    1,
    2,
    2,
    0,
    2,
    2,
    1,
    0,
    1,
    3,
    0,
    0,
    2,
    2,
    3,
    4,
    1,
    1,
    4,
    0,
    4,
    1,
    3,
    4,
    2,
    0,
    3,
    2,
    2,
    1,
    3,
    3,
    2,
    0,
    1,
    1,
    0,
    1,
    0,
    3,
    3,
    2,
    4,
    1,
    3,
    0,
    4,
    4,
    0,
    1,
    4,
    2,
    2,
    0,
    3,
    1,
    4,
    3,
    1,
    3,
    2,
    4,
    1,
    4,
    1,
    1,
    4,
    0,
    0,
    1,
    0,
    0,
    4,
    4,
    2,
    2,
    3,
    0,
    3,
    3,
    3,
    0,
    2,
    1,
    2,
    2,
    1,
    2,
    1,
    2,
    3,
    1,
    2,
    3,
    1,
    1,
    0,
    4,
    2,
    1,
    3,
    1,
    2,
    3,
    4,
    0,
    4,
    0,
    1,
    2,
    2,
    3,
    3,
    1,
    2,
    0,
    2,
    0,
    2,
    1,
    2,
    2,
    2,
    0,
    1,
    1,
    1,
    1,
    0,
    4,
    2,
    2,
    1,
    0,
    1,
    2,
    4,
    0,
    1,
    4,
    4,
    2,
    1,
    4,
    1,
    2,
    4,
    2,
    2,
    2,
    1,
    4,
    3,
    0,
    2,
    0,
    1,
    1,
    0,
    4,
    2,
    3,
    1,
    3,
    0,
    3,
    0,
    2,
    0,
    1,
    3,
    4,
    3,
    0,
    2,
    2,
    4,
    3,
    0,
    4,
    2,
    4,
    2,
    1,
    3,
    0,
    2,
    0,
    4,
    0,
    1,
    3,
    2,
    4,
    0,
    0,
    0,
    2,
    3,
    0,
    4,
    0,
    0,
    2,
    0,
    1,
    4,
    0,
    3,
    1,
    1,
    2,
    3,
    0,
    1,
    0,
    3,
    4,
    3,
    3,
    3,
    0,
    4,
    2,
    1,
    0,
    3,
    1,
    0,
    0,
    1,
    1,
    3,
    3,
    0,
    1,
    0,
    1,
    0,
    0,
    3,
    3,
    2,
    3,
    2,
    0,
    3,
    0,
    3,
    2,
    2,
    1,
    3,
    0,
    2,
    3,
    0,
    1,
    3,
    0,
    3,
    1,
    1,
    4,
    2,
    0,
    2,
    4,
    3,
    4,
    1,
    0,
    3,
    2,
    2,
    0,
    1,
    3,
    1,
    3,
    2,
    2,
    3,
    2,
    0,
    3,
    1,
    2,
    3,
    3,
    0,
    1,
    3,
    4,
    1,
    0,
    3,
    4,
    4,
    2,
    4,
    1,
    2,
    0,
    4,
    0,
    0,
    2,
    3,
    4,
    3,
    3,
    4,
    3,
    3,
    0,
    4,
    4,
    1,
    3,
    4,
    2,
    2,
    4,
    0,
    0,
    4,
    0,
    1,
    2,
    2,
    0,
    4,
    1,
    4,
    2,
    4,
    1,
    4,
    3,
    1,
    4,
    1,
    0
  ],
  "prediction_probabilities": [
    [
      0.12943371516871774,
      0.3208607002683461,
      0.2373062735041359,
      0.2780183343285457,
      0.03438097673025447
    ],
    [
      0.05966511051046924,
      0.20974405600336188,
      0.43102288323829074,
      0.11029766541008915,
      0.18927028483778902
    ],
    [
      0.38415666911487845,
      0.09960302528209442,
      0.4083809377732858,
      0.07764785165962347,
      0.030211516170117653
    ],
    [
      0.1659697690053824,
      0.23558241402611368,
      0.12957360652832378,
      0.20740256226991086,
      0.2614716481702692
    ],
    [
      0.13345731637747016,
      0.19797648376013732,
      0.16608124631588728,
      0.33646930517041307,
      0.16601564837609203
    ],
    [
      0.10100242077769382,
      0.14887953391214054,
      0.043780190154753124,
      0.5679907746945598,
      0.13834708046085256
    ],
    [
      0.30576910276661756,
      0.18454694286273424,
      0.08231523592190182,
      0.18811506563773878,
      0.23925365281100747
    ],
    [
      0.06502051069976185,
      0.31797156324441717,
      0.08015455767142626,
      0.2562102086048004,
      0.2806431597795943
    ],
    [
      0.021697039440090736,
      0.3403434802490212,
      0.023049943839921504,
      0.15266238637263504,
      0.46224715009833117
    ],
    [
      0.05638894728429162,
      0.2526627648421627,
      0.04910171036540846,
      0.4020449928492671,
      0.23980158465886983
    ],
    [
      0.21058495657404536,
      0.2108613887450326,
      0.028566486799962362,
      0.32938157372407134,
      0.22060559415688819
    ],
    [
      0.1641790667941685,
      0.28637087894715846,
      0.10364684975183946,
      0.25166311685598297,
      0.19414008765085053
    ],
    [
      0.3374145170754549,
      0.17238076250486242,
      0.131224430352301,
      0.13553302595483202,
      0.22344726411254953
    ],
    [
      0.0984245659364985,
      0.12464331744385823,
      0.14248626436365608,
      0.5327967146457426,
      0.10164913761024445
    ],
    [
      0.24469024669712983,
      0.20189275756281222,
      0.19034137086083958,
      0.28786976936749803,
      0.07520585551172018
    ],
    [
      0.2626701083171011,
      0.15698982596136257,
      0.14461120543937744,
      0.06551656261582381,
      0.37021229766633484
    ],
    [
      0.25511435450103837,
      0.1549524231842407,
      0.47800511886474495,
      0.09395152704786382,
      0.017976576402111887
    ],
    [
      0.639181099018055,
      0.030950277961987,
      0.08656660139871014,
      0.091514221496709,
      0.15178780012453877
    ],
    [
      0.12502883937140313,
      0.17226053899962193,
      0.16831109226939295,
      0.37348376834622016,
      0.1609157610133618
    ],
    [
      0.0660221573256436,
      0.12891438619548634,
      0.061574716213184576,
      0.5625178539383573,
      0.18097088632732772
    ],
    [
      0.4891030952250683,
      0.13994006990862304,
      0.20184056709302703,
      0.09312951664064384,
      0.07598675113263782
    ],
    [
      0.19861832925509548,
      0.4067253382014408,
      0.1430495864729394,
      0.12371847506121603,
      0.12788827100930855
    ],
    [
      0.0952992413928771,
      0.18193332587305186,
      0.06916815105552541,
      0.2515434491228112,
      0.4020558325557343
    ],
    [
      0.06371599785617786,
      0.16689662332081506,
      0.0341358466932078,
      0.42626733097010266,
      0.3089842011596965
    ],
    [
      0.10880310856678457,
      0.25855699251576764,
      0.055169270498327386,
      0.09606607442133025,
      0.4814045539977903
    ],
    [
      0.179087283706976,
      0.21901322440210336,
      0.11999851022639055,
      0.2611465592208583,
      0.22075442244367177
    ],
    [
      0.17705162724521117,
      0.1187413465092826,
      0.5226826908480334,
      0.09800089317111922,
      0.08352344222635341
    ],
    [
      0.07706068542773609,
      0.18389525584731106,
      0.051641619295319775,
      0.24748979511224228,
      0.4399126443173907
    ],
    [
      0.06642517344521569,
      0.5621320797844437,
      0.11482180978071281,
      0.19308618426925253,
      0.06353475272037548
    ],
    [
      0.2997387582851445,
      0.02799879224384733,
      0.076154680716258,
      0.10750018504498231,
      0.4886075837097677
    ],
    [
      0.26470783727539604,
      0.16234764385322598,
      0.30987445813627756,
      0.15213850584645844,
      0.11093155488864212
    ],
    [
      0.7325051632416237,
      0.042728891727131846,
      0.12981831560240648,
      0.048703379627382255,
      0.04624424980145588
    ],
    [
      0.21504222549960342,
      0.10748838025400678,
      0.19311352509671717,
      0.402602252128152,
      0.0817536170215209
    ],
    [
      0.05028079779770693,
      0.1845423676352862,
      0.04874219539056333,
      0.21829133218416594,
      0.4981433069922778
    ],
    [
      0.1688099707043914,
      0.14835245453109833,
      0.42416490127730483,
      0.22735288818060417,
      0.031319785306601455
    ],
    [
      0.025931337755452647,
      0.5241007820721115,
      0.018035512256971344,
      0.09905750130585421,
      0.33287486660961035
    ],
    [
      0.05863842790328043,
      0.41234290193590367,
      0.3705102630762678,
      0.08742965588476553,
      0.07107875119978255
    ],
    [
      0.05594459890940064,
      0.21710587365764467,
      0.03425262713485483,
      0.48277348080379406,
      0.2099234194943056
    ],
    [
      0.15977544206493252,
      0.059185959455071775,
      0.5608009299015791,
      0.10384061718843826,
      0.11639705138997833
    ],
    [
      0.030169574798322465,
      0.22790677465677572,
      0.009400862521914069,
      0.44827907830853503,
      0.28424370971445284
    ],
    [
      0.06418318620026897,
      0.1508431859126387,
      0.03726964461266389,
      0.1376681621375152,
      0.6100358211369132
    ],
    [
      0.047460463124200956,
      0.03296088557434643,
      0.8745004238972733,
      0.0214884256009534,
      0.023589801803225965
    ],
    [
      0.5184855722079065,
      0.1212670094620151,
      0.2073590646963545,
      0.09542898620218405,
      0.057459367431539475
    ],
    [
      0.08643990959548153,
      0.3226383113027191,
      0.11956219410669838,
      0.21070683288704056,
      0.2606527521080603
    ],
    [
      0.28588239167107216,
      0.24310662952819384,
      0.10342678247456182,
      0.24981040414498437,
      0.11777379218118783
    ],
    [
      0.6225971357955649,
      0.029061274712507478,
      0.27218288183776407,
      0.0412279746472399,
      0.034930733006923925
    ],
    [
      0.037868946096294855,
      0.2117673035118748,
      0.007862529525971284,
      0.23824611209658297,
      0.504255108769276
    ],
    [
      0.04967307017701297,
      0.14937077278640676,
      0.018439027863847497,
      0.36305232519094444,
      0.4194648039817885
    ],
    [
      0.1330713912014175,
      0.19032857117566593,
      0.08587032295361592,
      0.40879126401783517,
      0.18193845065146558
    ],
    [
      0.4234586428347979,
      0.18849607071497748,
      0.07753604357504039,
      0.12861807774278958,
      0.18189116513239495
    ],
    [
      0.06985907575785051,
      0.18758122117854356,
      0.1302265128407306,
      0.1555777106053913,
      0.4567554796174842
    ],
    [
      0.3502217312431366,
      0.12910143863245513,
      0.25920180066749104,
      0.11063799208837401,
      0.15083703736854306
    ],
    [
      0.060370399451494326,
      0.40096979462385735,
      0.03613382408626706,
      0.2468900916266524,
      0.25563589021172906
    ],
    [
      0.444272616912768,
      0.24229186250932627,
      0.062170912804929195,
      0.1150597363017538,
      0.13620487147122287
    ],
    [
      0.10971717048408701,
      0.5028526694146019,
      0.03102058877815599,
      0.06655829848244682,
      0.28985127284070833
    ],
    [
      0.202140330806254,
      0.24223756626093465,
      0.15269859627927343,
      0.1463526015676023,
      0.2565709050859358
    ],
    [
      0.26071549242572767,
      0.30169927256019907,
      0.28734660667644296,
      0.08461370270811865,
      0.06562492562951147
    ],
    [
      0.08099372145985795,
      0.1481101489275486,
      0.04791291853222545,
      0.6352766240451619,
      0.08770658703520617
    ],
    [
      0.15020358700072298,
      0.13950505954964146,
      0.2495492078732097,
      0.21331370264661256,
      0.24742844292981325
    ],
    [
      0.029109491449278033,
      0.19601723969470014,
      0.6490587443521213,
      0.08619357077671864,
      0.03962095372718162
    ],
    [
      0.11781586980538117,
      0.4282320170741796,
      0.19562938474516034,
      0.20135743236230222,
      0.05696529601297676
    ],
    [
      0.08655471399817688,
      0.10021344641826074,
      0.01917843277555352,
      0.7214831839631363,
      0.07257022284487197
    ],
    [
      0.03914389504020062,
      0.3468395644324814,
      0.054187221335866544,
      0.2486806499998159,
      0.3111486691916356
    ],
    [
      0.014604401189518904,
      0.13753469547218233,
      0.02174134996665023,
      0.4592791567987225,
      0.36684039657292644
    ],
    [
      0.05377724192302177,
      0.33704020361705483,
      0.08302569768561531,
      0.20219037679673288,
      0.32396647997757505
    ],
    [
      0.24102259858260464,
      0.08262788468109823,
      0.5580839464421348,
      0.0668066574598714,
      0.05145891283429134
    ],
    [
      0.34852271655393,
      0.30459484363828193,
      0.11216355879671251,
      0.12478715645119871,
      0.10993172455987679
    ],
    [
      0.049522334850309706,
      0.33127125655468204,
      0.04844713267165318,
      0.090261868294064,
      0.48049740762929105
    ],
    [
      0.15350233110513795,
      0.10811201546133811,
      0.5228411560148144,
      0.08596391668938098,
      0.12958058072932857
    ],
    [
      0.7408029693196054,
      0.045516900688657144,
      0.1599435386484843,
      0.028331060462166616,
      0.02540553088108647
    ],
    [
      0.14068227443396986,
      0.3031465276610852,
      0.16014831756007689,
      0.16550921191780404,
      0.2305136684270641
    ],
    [
      0.21919361281456962,
      0.055490796133910114,
      0.14302279034076565,
      0.42547593799344197,
      0.15681686271731293
    ],
    [
      0.0458910696441027,
      0.4226456536119848,
      0.22652681105838435,
      0.1573034119395955,
      0.14763305374593294
    ],
    [
      0.4499293856716227,
      0.12055379527698981,
      0.3363887626981695,
      0.06502774169155465,
      0.02810031466166296
    ],
    [
      0.02797047282301347,
      0.5734171011421576,
      0.03904914976834846,
      0.1732592600068017,
      0.18630401625967882
    ],
    [
      0.34389555958877943,
      0.13478057045410302,
      0.22566113058739817,
      0.19346760052919243,
      0.10219513884052672
    ],
    [
      0.07449362342008874,
      0.5096396253283769,
      0.053492415503385134,
      0.15997022291644208,
      0.20240411283170687
    ],
    [
      0.07072693547499405,
      0.062489556241293126,
      0.801972794761965,
      0.028062550348222092,
      0.03674816317352544
    ],
    [
      0.2442260804019137,
      0.2106083141845777,
      0.22750358465688478,
      0.12575550029734742,
      0.1919065204592764
    ],
    [
      0.8355136468315734,
      0.022926103272011823,
      0.0621491910503806,
      0.037997541457305356,
      0.04141351738872871
    ],
    [
      0.6400308742193254,
      0.06937307703291679,
      0.17550944285729422,
      0.06622152723394739,
      0.04886507865651624
    ],
    [
      0.048658252279561776,
      0.11889512576175684,
      0.03361232381989329,
      0.6988893761057352,
      0.09994492203305291
    ],
    [
      0.008291058320020118,
      0.7758416918030336,
      0.010288867604691585,
      0.030091395323184625,
      0.17548698694906964
    ],
    [
      0.1390610672262433,
      0.3852610775010795,
      0.20873457554468114,
      0.13663029949011415,
      0.13031298023788193
    ],
    [
      0.5076862184950196,
      0.030365594858601585,
      0.31591948136326736,
      0.08204578833262463,
      0.06398291695048665
    ],
    [
      0.04603914988074106,
      0.3013296963663824,
      0.111531749143509,
      0.49859662194512055,
      0.04250278266424689
    ],
    [
      0.1586953499119743,
      0.04536535232931886,
      0.7434021248277354,
      0.03048416464647909,
      0.022053008284492203
    ],
    [
      0.1336665569975615,
      0.1452401210519956,
      0.03138590393438648,
      0.51464756485627,
      0.17505985315978662
    ],
    [
      0.21737329271180023,
      0.16728653900482815,
      0.2951636789463268,
      0.24297893928208703,
      0.07719755005495796
    ],
    [
      0.2477324291423643,
      0.1055519590315361,
      0.4863571454996516,
      0.0898867915831928,
      0.07047167474325511
    ],
    [
      0.2544965283545453,
      0.3039272954958908,
      0.04565069057652553,
      0.22002780167556094,
      0.1758976838974772
    ],
    [
      0.22492357666423873,
      0.08728041584337738,
      0.10952671437782692,
      0.24358969282628082,
      0.3346796002882762
    ],
    [
